896 863 29 19
367 315 15 26
53 233 21 25
581 238 13 24
677 75 17 17
130 597 21 12
362 788 29 11
139 784 27 12
18 968 16 25
690 473 10 15
791 508 26 24
648 35 12 26
30 697 14 17
726 670 24 16
70 418 11 23
115 456 17 16
734 678 21 22
457 627 22 18
793 835 10 24
70 440 26 29
756 515 25 21
151 570 16 18
297 592 24 16
432 339 24 22
670 546 22 21
60 565 29 25
694 589 22 27
480 479 13 15
81 130 17 12
614 647 24 11
740 23 10 13
191 587 18 22
448 31 16 16
684 346 15 10
681 534 24 21
888 137 14 16
224 25 13 27
359 251 21 17
276 182 18 22
768 188 22 23
888 352 17 12
131 173 15 15
783 698 17 15
377 583 14 11
425 693 14 10
794 59 14 29
78 760 12 21
50 425 28 29
782 522 18 23
112 264 10 11
549 150 15 29
594 375 26 20
141 701 16 19
295 433 15 15
448 208 19 26
113 183 25 10
795 133 22 29
376 382 26 21
662 576 20 18
885 342 13 17
120 658 16 14
657 906 23 16
724 922 22 28
807 75 15 26
601 61 22 19
851 812 26 18
248 839 5 6
889 105 27 19
809 622 28 27
521 595 11 13
295 469 23 21
213 7 27 21
571 484 26 19
327 835 25 28
454 119 20 24
400 792 25 19
456 134 28 14
191 527 11 12
585 12 27 11
920 483 17 28
498 353 26 20
680 920 10 10
704 722 14 19
47 510 29 11
109 693 19 23
556 151 22 11
836 630 13 16
759 565 22 19
475 195 19 15
894 606 21 16
985 464 12 12
882 103 18 19
784 248 21 15
374 803 15 10
656 186 11 3
92 819 29 23
989 400 10 18
133 691 22 24
731 59 17 12
207 430 22 24
732 831 24 10
326 888 24 13
815 189 18 27
213 285 29 16
114 762 13 27
267 903 26 26
897 131 27 25
465 821 12 11
643 638 22 28
560 858 21 17
13 925 29 18
334 780 29 26
254 648 18 10
71 440 23 24
435 602 23 27
581 279 14 21
63 76 29 13
193 942 25 25
811 382 13 21
773 696 15 23
569 301 10 13
334 938 26 27
368 591 14 10
107 872 29 21
713 589 29 27
628 418 28 29
911 161 12 17
924 357 16 13
149 132 27 17
624 318 27 27
241 839 14 12
661 691 24 19
468 238 10 14
440 140 21 24
334 571 19 23
854 299 27 12
964 833 4 11
696 103 22 18
568 219 14 26
119 63 28 22
751 11 27 11
629 942 18 11
333 9 24 24
629 178 26 15
669 893 26 16
817 862 22 19
295 732 15 21
189 400 27 10
911 595 25 26
694 200 23 24
449 844 28 24
543 202 27 18
580 479 23 21
326 6 24 25
474 821 26 21
83 639 25 28
20 26 24 14
440 24 12 15
218 246 23 13
959 159 16 28
68 51 16 14
978 418 13 11
56 380 12 24
928 315 12 14
159 522 23 16
96 50 26 17
363 363 23 25
382 798 11 17
255 171 19 22
72 878 22 16
819 590 13 15
16 889 13 12
200 346 12 14
679 360 19 15
65 12 10 11
845 265 17 26
582 512 20 28
226 261 26 10
562 507 21 25
868 208 26 17
269 248 28 22
848 486 24 26
550 490 21 18
389 760 14 26
507 244 24 15
707 733 13 22
174 839 24 20
774 571 26 15
780 561 16 21
695 911 24 20
525 137 14 25
383 800 23 10
470 841 16 29
703 803 14 21
15 961 21 10
224 940 18 14
896 14 16 12
843 506 28 28
433 928 26 28
399 107 26 21
293 562 14 25
870 472 18 15
15 604 22 14
767 422 17 22
912 113 17 15
284 778 14 26
103 137 17 21
31 118 14 21
565 26 13 14
571 741 20 12
258 190 17 28
921 242 18 10
502 495 27 26
215 370 16 14
596 516 19 15
416 617 17 10
310 37 29 20
530 929 21 15
825 807 28 26
426 27 19 10
460 57 18 27
672 194 23 22
289 31 22 28
313 185 15 26
337 213 17 22
583 318 12 16
650 765 22 22
896 74 12 20
686 893 17 15
759 529 21 12
526 252 15 12
27 267 19 23
104 37 19 19
938 62 10 15
676 681 24 13
749 212 20 14
692 652 5 7
130 329 21 16
629 818 16 23
315 66 18 21
173 618 12 10
578 648 18 23
758 656 16 25
628 956 20 17
342 933 26 29
312 153 18 16
430 271 21 28
972 791 15 22
484 649 20 11
255 888 17 20
723 185 25 29
372 395 10 16
703 898 25 16
678 935 25 16
528 75 19 25
448 871 16 15
850 930 19 23
183 587 27 29
918 243 20 28
418 358 28 12
482 834 11 27
441 317 12 27
537 685 22 10
691 522 27 28
40 525 12 26
558 846 23 13
366 431 5 8
922 241 14 27
33 673 20 14
669 72 24 27
867 140 13 14
201 547 13 14
528 575 12 21
676 651 28 21
421 460 15 16
788 528 11 17
579 18 12 15
798 460 16 29
921 550 21 16
533 37 26 10
916 711 19 10
435 124 15 11
448 439 16 28
59 566 13 28
139 964 19 16
759 959 12 29
563 498 10 22
510 453 6 17
372 830 11 14
289 567 20 17
737 571 17 13
631 382 26 12
395 913 16 28
569 619 21 16
535 22 10 12
531 547 17 16
761 667 23 17
554 832 15 27
298 427 27 18
238 573 27 14
55 717 15 29
559 546 25 13
32 136 12 13
623 474 17 16
695 788 18 22
349 857 20 23
339 360 26 25
437 514 28 20
305 722 22 27
67 64 29 28
285 110 25 18
218 468 25 22
274 460 10 14
494 624 19 25
737 854 19 27
260 207 25 23
481 677 10 19
771 539 19 20
523 39 23 21
12 701 13 13
746 112 29 14
755 615 27 26
364 834 18 22
9 305 15 20
620 955 26 15
33 848 21 20
903 203 22 16
337 765 29 26
467 479 18 18
491 64 10 16
847 558 26 15
958 28 15 16
398 839 21 20
210 624 18 12
209 618 14 23
762 627 18 23
406 114 13 6
508 447 11 28
477 459 18 20
860 874 26 29
32 202 23 29
185 249 20 22
232 665 19 22
635 533 17 24
14 348 19 25
872 423 26 12
377 705 27 12
458 239 18 22
182 61 14 15
156 30 16 26
862 494 26 25
688 890 21 22
311 909 19 22
345 931 19 14
813 864 10 24
408 41 17 19
584 278 26 13
860 308 10 25
824 815 22 25
594 290 20 29
621 527 14 28
910 2 25 16
118 44 17 27
652 183 26 12
857 940 24 27
762 601 28 29
868 629 21 19
395 521 12 18
684 187 20 18
783 279 20 27
310 55 27 29
823 579 14 12
960 13 18 20
706 207 11 11
477 362 24 20
466 334 13 19
309 553 22 29
200 305 15 25
559 198 15 24
284 469 24 24
238 184 25 25
351 212 22 12
400 157 17 10
0 485 19 16
591 221 25 25
755 497 22 15
326 746 29 29
190 841 17 16
207 321 19 27
777 54 22 15
746 31 29 16
454 211 13 19
302 909 21 13
421 207 16 22
500 613 13 16
650 820 28 28
549 674 26 19
68 771 20 12
981 507 18 25
688 531 14 13
721 843 23 25
890 854 15 12
801 835 15 13
768 635 23 26
665 63 13 18
384 338 26 26
308 207 22 17
438 208 27 29
119 758 13 10
425 110 27 26
681 585 19 21
316 918 27 15
827 719 26 20
771 525 21 26
312 381 26 12
111 262 15 29
703 322 15 16
51 852 16 24
651 33 17 11
238 965 23 18
849 86 13 13
926 364 17 25
583 914 27 16
582 48 22 13
473 644 16 28
485 657 28 15
134 132 16 10
616 810 29 23
395 1 10 20
24 391 22 24
471 64 15 19
81 252 10 28
592 348 18 17
765 535 12 14
476 17 17 26
523 129 24 13
39 529 24 29
814 785 24 23
904 301 26 28
941 247 25 27
648 688 11 21
312 489 28 17
822 34 10 11
870 408 17 18
441 147 17 24
132 475 27 27
589 275 17 12
570 716 26 17
155 472 13 27
60 221 22 28
269 485 11 26
565 555 22 13
797 684 14 21
161 753 28 15
112 825 14 29
943 887 20 20
641 169 14 18
142 179 24 14
808 689 16 17
778 207 27 15
402 819 11 27
946 694 27 28
867 351 25 10
200 262 18 19
321 82 23 28
896 30 29 22
279 116 15 21
900 867 19 21
961 1 12 21
811 169 4 12
17 606 16 9
950 898 23 18
516 886 15 28
418 377 28 17
359 381 26 21
661 709 29 12
165 425 11 24
680 354 28 23
290 604 28 20
417 368 27 27
87 69 27 26
912 123 29 29
621 154 22 18
481 558 18 26
186 64 10 12
46 553 28 14
347 350 18 10
383 685 8 8
49 235 16 20
617 487 27 10
125 867 29 26
471 301 27 11
651 927 23 27
380 683 24 13
55 504 14 14
731 2 22 13
707 362 15 12
61 312 11 23
658 61 22 22
808 392 18 27
785 765 11 19
205 356 28 19
327 105 16 20
333 753 22 20
493 644 21 28
798 119 22 18
316 125 16 23
890 351 16 21
859 484 16 27
311 663 10 18
482 302 23 21
100 552 11 20
419 592 13 22
976 466 19 19
99 870 25 26
464 349 10 25
616 261 25 20
729 826 21 21
177 792 26 15
544 755 28 17
788 522 16 16
228 278 26 11
481 625 21 14
98 170 12 27
175 766 17 10
899 369 25 29
699 508 11 18
508 887 18 22
801 15 23 24
581 215 20 16
216 81 19 19
32 940 11 22
222 749 22 24
761 180 22 26
563 860 20 26
923 252 22 27
784 899 29 16
577 630 11 15
12 893 24 23
96 169 18 25
214 938 18 23
37 189 20 27
10 965 24 26
513 12 28 18
731 828 13 19
431 156 11 13
144 590 29 19
841 678 20 16
87 137 27 15
372 772 28 10
346 878 25 23
974 831 22 22
905 159 11 16
50 110 28 28
903 233 20 22
706 119 27 21
234 973 12 10
365 455 21 19
28 317 28 21
504 434 29 11
639 691 11 16
434 250 19 29
663 901 11 23
440 434 21 16
916 345 15 21
731 513 21 21
892 79 12 22
948 824 29 25
506 828 10 17
563 190 11 12
572 863 26 25
68 495 18 20
106 128 17 16
922 226 18 20
926 257 18 15
38 722 22 19
4 296 11 16
839 477 15 11
439 185 22 27
88 726 11 14
73 702 23 23
798 848 14 26
448 557 5 7
559 778 27 29
364 250 6 13
107 455 23 27
777 282 25 10
918 207 17 16
712 668 16 13
532 7 15 17
482 23 6 4
928 597 23 17
623 38 21 11
426 52 29 11
149 775 19 27
631 24 27 20
169 611 25 20
142 470 12 29
795 642 19 29
50 77 16 27
560 745 21 25
652 389 16 19
736 636 17 15
507 972 17 20
233 481 24 18
280 302 10 25
209 456 10 29
727 708 19 26
285 780 24 11
31 3 22 16
1 693 14 26
62 10 13 27
765 184 13 16
443 134 15 26
770 58 13 16
369 28 11 13
219 426 11 22
318 249 12 27
606 343 16 15
603 262 14 28
896 308 12 23
560 854 15 10
425 118 21 18
144 966 7 10
953 117 14 21
360 772 23 12
924 604 17 27
285 670 16 16
853 637 19 20
28 614 21 11
176 531 16 10
976 845 15 17
542 539 27 11
413 702 18 19
645 61 14 13
653 933 10 11
268 113 21 13
669 376 26 10
808 798 13 29
469 750 16 25
531 2 19 14
176 148 27 12
234 460 29 22
329 304 25 14
293 109 11 26
211 323 16 14
325 97 11 11
494 525 29 12
301 824 26 18
734 809 10 28
671 175 23 19
334 233 25 24
631 947 22 27
461 825 17 17
485 202 15 14
44 673 21 18
880 481 3 6
313 220 23 12
166 102 18 19
320 70 22 12
64 870 13 25
609 252 20 23
518 206 15 29
148 715 29 18
226 775 18 21
277 293 14 21
879 174 17 10
446 57 16 15
93 552 26 18
384 406 20 17
719 653 29 25
179 263 23 18
675 342 25 20
540 818 17 18
607 287 24 25
509 598 19 22
406 352 18 21
194 805 25 28
128 453 16 29
857 516 14 29
35 5 15 17
85 978 25 21
368 188 24 27
100 676 21 22
446 69 26 15
408 829 19 26
640 88 13 29
837 969 13 16
559 44 21 25
893 171 23 24
51 505 21 14
268 881 19 19
810 42 29 24
307 494 21 18
189 602 10 12
83 806 20 24
541 421 29 18
244 15 11 14
665 160 29 28
53 681 22 23
808 183 14 21
363 757 18 19
509 202 19 24
589 316 13 17
405 188 16 28
97 808 15 20
465 482 14 19
319 584 18 26
809 779 10 28
217 785 14 18
450 282 28 13
157 90 20 26
63 401 16 28
173 84 29 18
623 829 26 19
75 596 10 20
528 323 14 17
20 688 21 21
639 804 18 22
323 166 19 24
834 43 22 22
518 44 16 20
395 724 18 27
427 303 8 12
41 377 16 17
713 625 24 17
40 303 22 22
559 307 19 19
419 251 21 17
887 54 10 16
421 161 13 19
364 428 11 15
895 357 27 20
425 931 18 12
180 918 9 15
459 819 24 28
6 687 24 25
401 755 29 16
304 10 26 29
446 555 10 12
931 235 13 10
611 251 10 20
917 152 28 19
144 559 22 18
283 578 21 21
361 792 11 20
357 463 29 17
182 597 23 13
291 457 25 10
672 589 28 16
339 309 26 23
53 863 27 21
934 742 21 22
852 332 27 20
64 201 22 22
485 823 23 22
34 617 28 13
702 638 20 29
578 92 12 19
875 126 24 15
544 120 28 23
576 640 15 18
104 853 23 17
133 574 21 26
42 605 11 10
777 547 18 16
462 456 24 29
313 557 14 8
827 963 24 26
100 54 13 23
21 688 11 26
321 184 29 27
752 507 11 18
328 770 14 21
844 305 14 12
234 4 15 25
648 519 23 15
147 404 20 23
62 332 25 20
646 26 10 19
852 88 13 18
693 826 28 21
389 707 18 14
683 881 20 17
948 623 12 21
187 241 19 20
191 744 20 19
917 472 11 17
643 312 21 19
452 30 3 24
806 777 26 24
422 622 19 21
75 571 27 16
898 497 12 24
742 858 21 17
617 77 26 22
197 797 21 29
240 573 10 12
439 135 10 17
97 410 23 27
127 657 26 26
651 99 29 24
151 46 14 14
96 722 14 29
923 815 26 22
426 621 28 10
475 818 27 10
543 543 29 14
334 301 18 15
484 311 25 24
781 357 22 13
278 560 21 23
191 940 14 10
749 857 23 16
406 421 29 23
728 934 28 10
412 153 18 27
188 237 10 29
189 825 11 27
614 372 11 19
470 66 20 11
932 250 12 18
94 423 14 19
452 768 25 24
667 862 12 22
890 352 25 17
218 244 19 17
950 165 19 17
19 633 14 12
68 591 27 16
40 131 24 14
907 847 14 13
524 723 21 28
834 474 15 11
228 169 27 10
261 479 20 29
287 738 22 10
677 358 11 14
836 48 10 20
964 689 20 28
327 237 14 29
944 761 13 13
454 822 23 11
849 732 27 16
834 450 17 24
743 627 28 15
589 17 28 22
912 123 12 24
290 683 17 16
696 308 22 25
314 819 23 21
19 118 21 16
240 686 25 23
272 54 29 18
855 501 17 21
494 361 28 17
758 657 16 18
351 383 23 11
717 43 23 23
392 520 11 13
584 199 10 24
391 151 17 23
152 692 22 20
809 165 16 24
284 65 19 28
316 713 11 20
10 670 14 24
890 25 22 12
824 78 29 22
787 681 23 27
660 453 29 21
425 835 28 20
940 641 16 14
953 4 14 18
265 643 16 10
530 11 22 19
576 81 18 13
739 812 23 27
272 471 22 24
775 532 22 18
11 288 26 22
908 242 29 11
328 45 28 16
885 735 23 10
449 197 19 28
115 433 14 29
523 878 22 17
772 412 5 9
49 709 20 17
407 639 28 20
25 126 25 26
962 416 18 18
510 139 24 29
614 967 17 17
563 847 27 21
931 713 14 15
890 139 9 10
822 122 20 29
25 209 15 13
690 650 10 13
430 449 14 16
826 675 20 27
360 34 12 21
809 3 25 16
654 624 26 25
115 736 27 29
87 312 12 20
233 156 11 18
359 243 15 24
779 718 20 23
866 347 25 28
628 39 27 13
98 980 4 13
756 538 14 15
697 606 11 24
658 883 28 21
767 693 19 15
509 867 27 25
134 475 17 20
184 801 14 16
950 726 15 27
421 431 13 15
362 772 23 28
171 595 17 11
69 489 18 24
48 705 21 19
87 264 15 16
682 479 21 29
665 832 23 25
803 394 23 27
828 300 29 27
585 190 13 10
329 208 11 22
903 337 18 18
9 919 19 14
566 925 28 15
412 211 14 26
87 46 16 14
91 551 15 27
558 499 27 12
864 824 26 10
760 658 22 10
782 255 18 12
352 235 17 29
456 162 27 21
662 800 26 21
456 186 19 28
24 627 26 19
348 344 26 16
542 730 29 16
559 618 15 21
513 857 19 16
285 898 24 16
634 183 17 26
955 407 16 12
349 789 17 15
275 910 28 24
818 519 25 25
696 589 12 11
942 126 24 29
337 595 24 14
298 707 29 21
351 157 14 17
453 829 11 26
496 782 20 24
345 582 16 25
19 380 16 18
170 667 22 27
87 616 11 29
766 418 12 27
338 57 10 15
814 818 12 26
761 969 29 25
161 528 18 10
748 872 10 15
509 872 11 29
929 248 16 10
143 862 18 11
346 369 8 12
762 652 28 28
789 669 12 21
881 140 29 25
490 521 24 22
246 834 11 15
87 864 12 20
638 821 22 20
53 461 29 28
833 296 20 21
948 618 26 23
710 819 14 16
690 208 27 18
623 208 15 25
969 887 29 24
167 495 22 24
966 791 20 13
485 772 15 15
571 40 15 19
312 192 10 29
300 72 28 25
887 520 24 17
891 355 14 17
846 324 19 11
797 809 25 12
160 148 21 15
30 492 21 23
823 390 24 20
830 835 18 22
53 335 21 17
560 204 25 29
526 192 21 24
875 468 13 24
369 142 27 12
497 765 26 18
337 922 18 17
687 922 11 18
480 375 17 22
936 542 20 11
869 352 25 22
533 284 16 27
106 835 23 12
185 785 27 25
192 864 15 27
727 408 19 29
647 21 29 15
589 212 27 29
194 594 29 11
826 31 24 19
98 550 24 29
666 22 29 10
657 898 10 28
591 646 17 14
242 189 29 20
242 981 12 17
423 828 29 29
644 357 16 14
23 253 13 12
439 532 17 13
670 834 24 17
302 81 29 26
438 541 23 21
230 76 16 17
613 321 12 29
648 170 29 12
115 185 20 4
480 315 26 28
675 56 11 26
233 344 22 26
139 304 13 28
712 685 26 26
723 179 14 26
824 769 13 23
332 297 20 21
516 288 18 17
243 962 14 26
849 328 20 23
931 632 16 20
815 83 12 27
48 483 14 21
844 271 11 15
647 599 29 29
865 890 15 5
510 792 24 23
52 985 28 10
663 116 19 25
618 534 25 24
97 721 27 22
394 398 29 28
372 760 19 21
237 198 15 25
974 818 11 14
529 869 23 18
767 410 15 14
319 212 27 21
366 313 28 18
899 293 17 16
574 290 10 27
25 669 22 23
831 531 17 10
389 711 22 14
493 975 19 17
796 793 18 15
587 783 28 17
674 110 28 19
489 239 18 15
377 224 12 28
455 823 26 10
421 343 19 28
322 73 16 5
609 341 13 17
740 953 26 27
279 193 12 23
112 864 10 27
427 263 23 28
447 133 10 28
886 64 11 29
579 487 21 26
809 901 20 27
920 117 29 22
504 317 11 19
115 313 25 27
772 419 13 20
2 369 13 11
983 415 13 23
493 129 24 28
776 543 14 14
193 77 20 25
307 648 21 16
117 302 17 27
645 345 11 25
590 351 23 18
240 251 14 14
383 247 16 11
470 477 20 10
506 231 21 23
420 300 28 19
781 934 26 22
790 949 11 14
39 647 22 25
893 259 21 27
531 23 25 25
906 832 29 16
261 926 21 27
941 323 16 21
613 170 17 28
311 812 19 18
153 702 18 14
746 213 16 18
848 274 25 22
449 506 14 20
515 195 12 20
488 701 25 12
947 222 25 13
690 927 21 12
329 775 12 12
76 339 14 11
836 452 11 11
716 368 15 12
909 882 28 22
944 61 24 16
614 311 28 23
635 652 24 16
486 559 22 16
583 93 12 12
476 666 11 20
599 60 17 13
150 685 14 14
14 384 26 14
152 669 13 25
198 756 22 18
615 965 14 17
784 779 15 16
7 478 20 12
64 983 10 13
331 90 29 17
179 254 19 13
194 866 9 11
133 66 13 28
557 797 13 23
957 814 19 14
28 262 20 17
403 921 10 18
506 380 18 21
418 57 12 19
56 559 11 10
738 916 18 20
36 181 25 12
388 176 20 15
567 28 3 3
534 115 22 13
322 144 14 29
119 465 27 16
272 913 14 21
786 679 19 21
522 80 28 18
398 825 23 16
753 594 17 24
757 945 28 28
892 750 26 15
418 249 25 18
649 561 26 22
780 426 26 14
680 540 16 20
687 583 23 25
308 884 20 14
908 149 16 26
197 244 16 26
484 77 17 14
634 956 16 11
547 921 22 16
682 457 12 24
661 684 24 12
970 412 20 13
357 159 14 19
37 169 11 23
22 225 14 20
510 800 23 16
16 205 15 26
792 624 11 11
431 355 26 13
508 31 29 18
960 229 24 24
596 250 25 21
876 734 17 29
518 305 16 22
18 171 28 12
225 739 18 17
761 110 22 28
500 844 18 20
768 664 21 28
927 136 23 10
299 384 21 23
438 641 25 18
777 350 15 29
850 512 17 10
520 512 14 10
556 837 10 23
19 695 14 20
297 175 25 18
922 334 26 12
530 717 23 10
857 494 27 15
574 15 27 17
913 42 10 15
892 0 27 11
80 551 24 29
77 311 19 29
635 945 10 24
548 548 13 25
836 260 18 27
834 125 22 12
132 456 13 15
503 317 12 27
441 326 18 13
442 867 26 23
782 458 19 22
875 211 4 7
961 883 11 10
751 504 20 15
730 559 29 17
641 780 16 26
318 823 11 15
190 275 17 28
826 778 10 22
720 612 28 21
692 586 22 11
592 494 21 12
833 567 26 14
919 143 28 28
111 814 18 14
656 609 17 13
908 260 22 29
944 769 12 11
857 515 21 17
809 30 16 14
386 101 25 21
322 713 19 12
640 404 23 25
566 90 24 16
727 919 14 28
812 86 5 11
445 28 17 29
79 332 22 18
796 651 28 21
665 773 19 28
381 390 21 13
757 499 29 26
400 11 11 10
776 67 15 18
292 267 26 10
424 604 22 19
312 63 15 15
249 834 16 13
524 809 17 15
501 889 27 23
140 365 24 28
430 124 23 25
565 415 23 15
86 325 21 14
64 568 25 29
800 787 26 28
582 876 11 10
180 402 24 12
720 394 18 15
209 305 10 28
771 542 26 15
402 641 21 27
138 557 18 28
29 32 14 12
815 838 18 13
576 771 22 23
19 587 25 20
415 21 24 25
548 321 18 23
256 642 27 20
65 434 12 29
498 392 13 27
389 96 14 12
40 503 20 24
228 364 10 21
177 909 17 28
882 758 19 20
311 449 21 10
58 397 13 16
202 538 23 22
922 138 15 25
859 122 15 22
61 251 11 20
226 352 12 28
275 651 21 10
107 545 16 19
893 839 19 26
664 883 29 29
807 825 16 13
555 745 11 13
146 372 28 15
979 531 11 14
45 494 22 14
595 225 25 28
316 867 25 29
498 704 16 17
60 204 26 25
136 489 25 21
793 626 19 20
